~o
<STREAMINFO> 1 13
<VECSIZE> 13<NULLD><MFCC_0><DIAGC>
~h "filler"
<BEGINHMM>
<NUMSTATES> 3
<STATE> 2
<MEAN> 13
 -3.599880e+00 4.241026e+00 6.503382e-01 1.810635e-01 6.914454e-02 -1.435402e+00 -3.417827e-01 5.529681e-01 -2.295930e+00 -7.945476e-01 -6.611183e-01 -2.296214e-01 5.691669e+01
<VARIANCE> 13
 4.474880e+01 4.472920e+01 6.060544e+01 4.657230e+01 4.890619e+01 5.338237e+01 4.035476e+01 3.842540e+01 3.768768e+01 3.419146e+01 2.650342e+01 2.043334e+01 7.255230e+01
<GCONST> 7.239336e+01
<TRANSP> 3
 0.000000e+00 1.000000e+00 0.000000e+00
 0.000000e+00 9.725159e-01 2.748407e-02
 0.000000e+00 0.000000e+00 0.000000e+00
<ENDHMM>
