~o
<STREAMINFO> 1 13
<VECSIZE> 13<NULLD><MFCC_0><DIAGC>
~h "speech"
<BEGINHMM>
<NUMSTATES> 3
<STATE> 2
<MEAN> 13
 -3.532408e+00 4.135603e+00 6.183751e-01 6.272633e-02 5.862380e-02 -1.624970e+00 -4.554089e-01 6.669261e-01 -2.244834e+00 -8.148813e-01 -6.868435e-01 -2.619632e-01 5.692685e+01
<VARIANCE> 13
 4.376700e+01 4.469825e+01 6.146551e+01 4.535293e+01 4.849325e+01 5.194562e+01 4.128064e+01 3.938358e+01 3.754168e+01 3.424886e+01 2.654650e+01 2.035626e+01 7.481467e+01
<GCONST> 7.239594e+01
<TRANSP> 3
 0.000000e+00 1.000000e+00 0.000000e+00
 0.000000e+00 9.719812e-01 2.801878e-02
 0.000000e+00 0.000000e+00 0.000000e+00
<ENDHMM>
